  2.8600000e+000  3.7000e-002
  3.0100000e+000  3.6000e-002
  3.1600000e+000  3.7000e-002
  3.3100000e+000  3.9000e-002
  3.4600000e+000  3.7000e-002
  3.6100000e+000  3.7000e-002
  3.7600000e+000  4.3000e-002
  3.9100000e+000  4.9000e-002
  4.0600000e+000  6.2000e-002
  4.2100000e+000  7.4000e-002
  4.3600000e+000  9.3000e-002
  4.5100000e+000  11.5000e-002
  4.6600000e+000  13.1000e-002
  4.8100000e+000  9.6000e-002
  4.9600000e+000  5.4000e-002
  5.1100000e+000  2.3000e-002
  5.2600000e+000  1.40000e-002
  5.4100000e+000  1.30000e-002
  5.5600000e+000  0.90000e-2
